40008841346
37434947163
37424024492
37445438312
37440087862
37428684150
40009050037
37442125401
37436337195
36589437105
37444369330
36598499597
37433944976
37425464414
37434636863
37424333202
37435254346
37433638688
37435873885
37433483891
37429675410
36600360087
37450988663
37442747309
41657051547
37424024387
37444212334
45416758413
37426206893
37444980339
37433329420
37442900518
37431780734
37441016124
37442125724
37441633052
37429364602
37430759547
40007634753
37447577268
37441325719
37430914560
39994173703
37443523692
37438999627
37443674907
37430450543
37437268052
37433329222
37440857660
36583226719
37436029213
37450524939
37423715905
40006699359
41660926480
37443369128
37450373296
37444521875
37429828736
37434103049
37437577785
42392636979
37441974401
37448981944
37440550525
37437424002
37445438546
37443369133
37443674894
37438194801
41657089716
37427601785
37425465160
37449600692
37450373380
37435721396
37433793036
37450834598
37441633047
37437426843
40007634754
36588663218
37437424001
37441974407
37438538908
37432709643
37434102966
37435406690
36588508038
37448982658
37444979995
41656024618
37431936636
37429984369
37431068674
37439776637
37443369134
36593550409
37444980028
37435100811
37442900400
37433484043
37433638720
37450373390
37435721600
37434946962
37437731362
37426053137
37448506543
37443055678
37426362526
37450373540
36592735756
36583381346
36603151800
36584004117
37449600684
37448506529
37430140687
37432864007
37436648814
37442594206
37430914645
36583538617
36600050264
40010497857
36583692828
37434102950
37439932690
36600204623
36600669184
36607872781
36591030870
37433483690
37430914618
37429674932
37444980004
37433945405
36608957291
36585720696
40008857361
40010688352
37443523961
37451353519
37436957584
37424333240
37437731243
37451353518
37428066708
37440550564
37438848051
37442279986
37444212316
37443369132
36592735647
36583381390
36592271122
36598810243
41660897436
40008609840
37431780723
37427757936
37440706450
37437268528
37441016099
36593550410
37439776611
37436801867
37438538826
37450373414
40008836624
40009801103
37424024360
37438538847
37440858119
37450373391
37436802391
37433638683
37450373292
36590210185
36592735757
36600050268
36599119157
37431936590
37430759510
37431780762
37440706400
37437423968
36591495076
37430914480
36603461192
36601288027
40006693282
36593395345
36608029609
36591186525
37441016084
37437884467
37436802313
54858877541
54873281952
54875773257
54881368430
54885315585
54901015899
54906552877
54915174758
54922020388
54924355110
54930993418
55017515300
55038595683
55039761577
55040249661
55043618733
55044455828
55050657840
55056215128
55056354311
55056861259
55056894341
55057022771
55059043341
55065970717
55067429752
55072487256
55075095444
55075228997
55077615751
55089837479
55091948045
55096191832
55096368976
55127210609
55131011908
55135908138
55150055292
55165054620
55170172234
55187609992
55188593704
55190170675
55198686124
55200071951
55205046844
55212209043
55212285863
55214428836
55214973052
55218017854
55229090732
55241085727
