118046458682
118050644642
122212660794
122224053309
122222866016
122828958557
128537024071
128549381720
126119599543
133528346904
144061664550
145637038662
151708006667
151232523687
151760559942
169578098790
211816920427
213284808376
214470022997
217117934706
215383670608
217144620288
214506725970
218865617991
217672143707
217902784586
225648989068
224471944262
223806393638
225873021788
225945757729
225791163541
225905128808
226107567126
226183941047
226188922432
226362311842
226246493606
226452950867
226429895552
226709207952
226785926285
226878795617
226930995531
227120341079
227219257676
227197890818
227217714008
227231341916
227264840616
227276741946
227340318293
227274572615
227347812226
227436279972
227456722836
227523496714
227547769634
227784883047
227812525210
227881766145
228031372341
228111382414
228102882612
228258751335
228325606409
228324734392
228375541776
228355621976
228409867543
228589146246
228571666310
228644339238
228671584285
229002946414
229114011761
229007453804
229225996139
229420604597
229415585052
229428801319
229461275044
229520300370
229622320230
229740491822
229734516895
229787727740
229886090065
229876847287
229959276589
229982774694
230008555811
230067091202
230102276669
230104764755
230124900147
230108860989
230125580144
230179809626
230196047017
230198920633
230281153420
230313561111
230400958101
230436341387
230453434800
230457613741
230560867114
230601730316
230690964095
230671935238
230659423771
230740492092
230729591845
230842179423
230980035223
230971084601
231003541258
231134205848
231161372735
231122172070
231102753894
231152357918
231183632037
231171243331
231216239214
231241351960
231349791867
231377970485
231366023431
231518555996
231533565050
231551570959
231670275986
231720174242
231752401997
231824784775
231825694989
231846159228
231844428906
231863423571
231883510803
231888528141
231896766216
231918374183
231936808999
232171686969
232391336715
232469367326
232530165248
232764727586
232816168345
232824452631
232816150303
232831790896